0,422
0,421
0,420
0,419
0,418
0,417
0,416
0,415
0,414
0,413
0,412
0,411
0,410
0,409
0,408
0,407
0,406
0,405
0,404
0,403
0,402
0,401
0,400
0,399
0,398
25,5
25,4
25,3
25,2
0,397
25,1
25,0
0,396
0,395
0,394
0,393
24,5
24,4
24,3
24,2
0,392
24,1
24,0
0,391
0,390
23,4
23,3
23,2
0,389
23,1
23,0
0,388
0,387
22,5
22,4
22,3
22,2
0,386
22,1
22,0
0,385
0,384
21,5
21,4
21,3
21,2
0,383
21,1
21,0
2,5
2,4
0,382
0,381
20,4
20,3
20,2
0,380
20,1
20,0
0,379
0,378
19,4
19,3
19,2
0,377
19,1
19,0
0,376
0,375
18,4
18,3
18,2
0,374
18,1
18,0
0,373
0,372
17,4
17,3
17,2
0,371
17,1
17,0
0,370
0,369
16,4
16,3
16,2
0,368
16,1
16,0
0,367
0,366
15,5
15,4
15,3
15,2
0,365
15,1
15,0
0,364
0,363
14,4
14,3
14,2
0,362
14,1
14,0
0,361
0,360
13,5
13,4
13,3
13,2
0,359
13,1
13,0
0,358
0,357
12,4
12,3
12,2
0,356
12,1
12,0
0,355
0,354
11,5
11,4
11,3
11,2
0,353
11,1
11,0
0,352
0,351
0,350
0,349
0,348
10,5
10,4
10,3
10,2
0,347
10,1
10,0
0,346
0,345
0,344
0,343
0,342
9,5
9,4
9,3
9,2
0,341
9,1
9,0
0,340
0,339
0,338
8,5
8,4
8,3
8,2
0,337
8,1
8,0
0,336
0,335
0,334
0,333
0,332
7,4
7,3
7,2
0,331
7,1
7,0
0,330
0,329
0,328
6,4
6,3
6,2
0,327
6,1
6,0
0,326
0,325
0,324
0,323
0,322
0,321
5,5
5,4
5,3
5,2
0,320
5,1
5,0
0,319
0,318
0,317
4,4
0,316
4,3
4,2
4,1
4,0
3,3
3,2
3,1
2,3
2,2
2,1
1,3
1,2
1,1
0,310
0,307
0,305
0,302
0,243
0,9
4294967294,131
4294967294,130
4294967294,129
4294967294,128
4294967294,127
4294967294,126
4294967294,125
4294967294,124
4294967294,123
4294967294,122
4294967294,121
4294967294,120
4294967294,119
4294967294,118
4294967294,117
4294967294,116
4294967294,115
4294967294,114
4294967294,113
4294967294,112
4294967294,111
4294967294,110
4294967294,109
4294967294,108
4294967294,107
4294967294,106
4294967294,105
4294967294,104
4294967294,103
4294967294,102
4294967294,101
4294967294,100
4294967294,99
4294967294,98
4294967294,97
4294967294,96
4294967294,95
4294967294,94
4294967294,93
4294967294,92
4294967294,91
4294967294,90
4294967294,89
4294967294,88
4294967294,87
4294967294,86
4294967294,85
4294967294,84
4294967294,83
4294967294,82
4294967294,81
4294967294,80
4294967294,79
4294967294,78
4294967294,77
4294967294,76
4294967294,75
4294967294,74
4294967294,73
4294967294,72
4294967294,71
4294967294,70
4294967294,69
4294967294,68
4294967294,67
4294967294,66
4294967294,65
4294967294,64
4294967294,63
4294967294,62
4294967294,61
4294967294,60
4294967294,59
4294967294,58
4294967294,57
4294967294,56
4294967294,55
4294967294,54
4294967294,53
4294967294,52
4294967294,51
4294967294,50
4294967294,49
4294967294,48
4294967294,47
4294967294,46
4294967294,45
4294967294,44
4294967294,43
4294967294,42
4294967294,41
4294967294,40
4294967294,39
4294967294,38
4294967294,37
4294967294,36
4294967294,35
4294967294,34
4294967294,33
4294967294,32
4294967294,31
4294967294,30
4294967294,29
4294967294,28
4294967294,27
4294967294,26
4294967294,25
4294967294,24
4294967294,23
4294967294,22
4294967294,21
4294967294,20
4294967294,19
4294967294,18
4294967294,17
4294967294,16
4294967294,15
4294967294,14
4294967294,13
4294967294,12
4294967294,11
4294967294,10
4294967294,9
4294967294,8
4294967294,7
4294967294,6
4294967294,5
4294967294,4
4294967294,3
4294967294,2
4294967294,0
1,0
2,0
3,0
0,308
0,304
0,303
0,12
0,10
0,8
0,0
0,300
0,299
0,298
0,297
0,296
0,295
0,294
0,293
0,292
0,291
0,290
0,289
0,288
0,287
0,286
0,285
0,284
0,283
0,282
0,281
0,280
0,279
0,278
0,277
0,276
0,275
0,274
0,273
0,272
0,271
0,270
0,269
0,268
0,267
0,266
0,265
0,264
0,263
0,262
0,261
0,260
0,259
0,258
0,257
0,256
0,255
0,254
0,253
0,252
0,251
0,250
0,249
0,248
0,247
0,246
0,245
0,244
0,242
0,241
0,240
0,239
0,238
0,237
0,236
0,235
0,234
0,233
0,232
0,231
0,230
0,229
0,228
0,227
0,226
0,225
0,224
0,223
0,222
0,221
0,220
0,219
0,218
0,217
0,216
0,215
0,214
0,213
0,212
0,211
0,210
0,209
0,208
0,207
0,206
0,205
0,204
0,203
0,202
0,201
0,200
0,199
0,198
0,197
0,196
0,195
0,194
0,193
0,192
0,63
0,62
0,61
0,60
0,59
0,58
0,57
0,56
0,55
0,54
0,53
0,52
0,315
0,51
0,314
0,50
0,313
0,49
0,312
0,48
0,311
0,47
0,309
0,46
0,306
0,45
0,301
0,6
0,5
0,1
0,11
0,4
0,2
0,3
0,7
